0.97160661
1.03297091
0.99040085
0.92283148
1.13872862
0.89540207
1.01398516
0.80213159
1.03649187
0.93348891
0.86261606
0.95509762
0.89967144
0.09710276
0.12298147
0.13341036
0.43162701
-0.07039061
0.21212944
0.31498659
0.27553612
-0.04910237
0.31455433
-0.06246530
-0.24940415
0.21570414
-0.16638255
-0.19539575
-0.21329139
-0.03510783
0.16727655
-0.09654609
0.00310655
-0.24583681
0.23128335
-0.10131642
-0.21212304
0.16709176
-0.06555156
0.21858056
-0.25078878
-0.11677133
-0.24321866
0.33100557
-0.16644825
-0.33427352
-0.18300527
0.06934992
0.14692950
-0.09657504
-0.27341378
-0.10660232
0.21768101
-0.06067096
-0.06217306
-0.13170964
-0.09537555
0.28679281
0.00778295
0.29206300
0.26970038
-0.06991488
0.21344504
0.35940307
0.44228300
